27.0317
27.0187
27.0199
27.0196
27.0217
27.0172
27.0172
27.0198
27.0188
27.0205
27.0238
27.0229
27.0194
27.0194
27.0255
27.0217
27.0214
27.019
27.0231
27.0298
27.0298
27.0233
27.0304
27.0194
27.0215
27.0213
27.0432
27.0432
27.0215
27.0206
27.0203
27.0213
27.0216
27.0196
27.0196
27.0212
27.0208
27.0197
27.0219
27.0205
27.0222
27.0222
27.0193
27.0211
27.0192
27.0224
27.0184
27.0193
27.0193
27.0211
27.0191
27.0218
27.0197
27.0223
27.0233
27.0233
27.0196
27.0204
27.0208
27.0191
27.0207
27.0214
27.0214
27.0207
27.02
27.0243
27.0197
27.02
27.0171
27.0171
27.0254
27.0208
27.0196
27.0219
27.0213
27.0162
27.0162
27.02
27.0195
27.02
27.0203
27.0216
27.0255
27.0255
27.0198
27.0207
27.0214
27.0223
27.1544
27.0401
27.0401
27.0212
27.0622
27.0466
27.0442
26.6217
26.5794
26.5794
26.5937
26.6228
26.6553
26.7062
26.6843
26.7008
26.7008
26.7072
26.6832
26.7951
26.89
26.8999
26.9302
26.9302
26.8454
26.8578
26.8413
26.8934
27.0248
26.8359
26.8359
26.8267
26.8633
26.9231
26.7429
26.8282
26.7349
26.7349
26.7786
26.6793
26.6276
26.5766
26.5793
26.5522
26.5522
26.55
26.4642
26.3863
26.4966
26.5823
26.4909
26.4909
26.5394
26.51
26.4391
26.4717
26.45
26.4646
26.4646
26.4311
26.5178
26.4741
26.3503
26.3268
26.3306
26.3306
26.3306
26.3207
26.3175
26.3088
26.2883
26.1776
26.1776
26.1843
26.1927
26.1478
26.1904
26.2547
26.1798
26.1798
26.1593
26.1609
26.2797
26.3073
26.2985
26.2666
26.2666
26.2732
26.3018
26.2991
26.2909
26.2433
26.1275
26.1275
26.1007
26.1254
26.1388
26.0972
26.1433
26.0944
26.0944
26.1002
26.0855
26.1243
26.1066
26.1073
26.0712
26.0712
26.0792
26.0779
26.12
26.0947
26.0487
26.0537
26.0537
26.0441
26.0479
26.0441
26.0353
26.0616
26.06
26.06
26.0592
26.0853
26.1647
26.0957
26.0433
26.1181
26.1181
26.1086
26.1371
26.1421
26.1762
26.1816
26.1592
26.1592
26.1713
26.1384
26.1528
26.0586
26.0704
26.0418
26.0418
26.0716
26.1142
26.0917
26.1245
26.1071
26.0923
26.0923
26.0947
26.10
26.1203
26.0539
26.1246
26.0523
26.0523
26.0402
26.0644
26.0965
26.1011
26.1255
26.1136
26.1136
26.1049
26.0813
26.1058
26.1049
26.07
26.0913
26.0913
26.0904
26.1253
26.1021
26.0955
26.0734
26.05
26.05
26.0435
26.05
26.0285
26.0243
26.0153
25.9912
25.9912
25.9972
25.93
25.9226
25.8489
25.8157
25.88
25.88
25.8948
25.8828
25.88
25.8798
25.8779
25.8143
25.8143
25.8134
25.7972
25.7541
25.7136
25.7242
25.6937
25.6937
25.6643
25.67
25.6095
25.5845
25.6706
25.6095
25.6095
25.6432
25.6582
25.6559
25.5677
25.6835
25.6846
25.6846
25.6757
25.5589
25.5452
25.5867
25.5416
25.5578
25.5578
25.5578
25.56
25.5908
25.6325
25.5472
25.5806
25.5806
25.5763
25.5354
25.4969
25.4781
25.4287
25.4498
25.4493
25.4476
25.4437
25.4829
25.4876
25.5206
25.5582
25.5582
25.5453
25.61
25.6283
25.6272
25.5694
25.54
25.5626
25.5671
25.5988
25.6274
25.6823
25.7003
25.6965
25.6965
25.6709
25.70
25.6775
25.69
25.6985
25.7445
25.7547
25.6988
25.7379
25.7765
25.6729
25.5763
25.5597
25.5521
25.5394
25.5523
25.5016
25.4968
25.5355
25.5277
25.5277
25.5232
25.5405
25.5443
25.5461
25.5014
25.4983
25.5137
25.5079
25.5337
25.4265
25.3707
25.346
25.3937
25.3937
25.418
25.4052
25.3914
25.3901
25.3489
25.2865
25.2865
25.3078
25.3069
25.3215
25.2851
25.1962
25.2359
25.2477
25.2326
25.2208
25.2061
25.2665
25.3701
25.387
25.3758
25.3905
25.3633
25.3786
25.3777
25.3434
25.3432
25.3462
25.3537
25.3023
25.3267
25.3549
25.3521
25.362
25.3484
25.3507
25.3687
25.4189
25.4406
25.4265
25.3677
25.3663
25.3564
25.4143
25.387
25.4237
25.4104
25.4695
25.4695
25.4804
25.4549
25.4996
25.4343
25.4
25.4256
25.4256
25.4094
25.4173
25.4195
25.399
25.4151
25.4347
25.4307
25.4351
25.4545
25.48
25.4587
25.387
25.3647
25.3631
25.3925
25.3683
25.3195
25.3242
25.3269
25.3821
25.3805
25.3748
25.3492
25.317
25.3279
25.3117
25.3157
25.3157
25.3142
25.2678
25.2767
25.3056
25.3315
25.4135
25.399
25.3579
25.4321
25.4437
25.4621
25.477
25.5012
25.5012
25.4627
25.5898
25.6753
25.6007
25.5156
25.4889
25.4936
25.4619
25.5267
25.5623
25.5714
25.472
25.5185
25.5249
25.4869
25.5027
25.5588
25.5169
25.5811
25.6796
25.6817
25.6418
25.6852
25.6862
25.7635
25.7906
25.7395
25.7392
25.7181
25.7252
25.9406
25.8553
25.8194
25.8167
25.8156
25.82
25.7114
25.6243
25.6722
25.7662
25.7796
25.7697
25.755
25.6515
25.6889
25.6995
25.739
25.7622
25.7622
25.7152
25.7817
25.8518
25.832
25.8711
25.7988
25.7988
25.8107
25.8943
25.9021
25.9375
25.9422
26.0355
26.0228
25.9837
26.0896
26.1166
26.039
25.9357
25.9086
25.9081
25.9004
25.8501
25.8388
25.9402
25.9285
25.9203
25.9245
25.8952
25.8685
25.8554
25.8462
25.9255
25.8891
25.8843
25.8796
25.8259
25.6914
25.6321
25.6378
25.6644
25.6644
25.6288
25.5934
25.5732
25.588
25.6503
25.6504
25.6504
25.657
25.6449
25.5871
25.5974
25.5837
25.6649
25.6649
25.6707
25.7473
25.6998
25.7599
25.7418
25.723
25.723
25.7094
25.7338
25.7359
25.723
25.7356
25.7665
25.7665
25.7665
25.7115
25.7064
25.7401
25.7706
25.7826
25.7826
25.7469
25.7384
25.736
25.7464
25.7193
25.7021
25.704
25.6872
25.6546
25.6525
25.5862
25.5166
25.4808
25.4808
25.4704
25.4456
25.4311
25.5142
25.5629
25.6175
25.6171
25.594
25.6102
25.5955
25.6406
25.6762
25.7781
25.7781
25.7687
25.794
25.8062
25.7147
25.788
25.7604
25.7604
25.7745
25.7823
25.8165
25.8827
25.8185
25.7932
25.7932
25.7925
25.8204
25.8277
25.8423
25.8784
25.8885
25.8885
25.878
25.8172
25.7832
25.8678
25.8698
25.8389
25.8385
25.8306
25.8751
25.8933
25.9396
25.8276
25.8105
25.8105
25.8145
25.805
25.8638
25.888
25.8793
25.9434
25.9433
25.9394
25.9397
25.946
26.0133
26.0094
25.9963
25.9893
25.9874
26.0181
26.0278
26.0036
26.0024
25.9297
25.93
25.9147
25.9342
25.9272
25.9366
25.9625
25.9715
25.9762
25.9756
25.9349
25.9354
25.9129
25.8906
25.8569
25.8569
25.8709
25.8634
25.8584
25.8492
25.8198
25.7922
25.7922
25.7845
25.7797
25.7437
25.7546
25.7734
25.854
25.8542
25.8551
25.8795
25.8669
25.8988
25.8312
25.7378
25.7386
25.7511
25.7638
25.7376
25.7761
25.6511
25.5594
25.5592
25.5749
25.5754
25.6404
25.6306
25.5802
25.5555
25.5609
25.5695
25.5542
25.5421
25.5383
25.5419
25.589
25.589
25.5711
25.589
25.627
25.6959
25.7294
25.6541
25.6625
25.6674
25.7652
25.7695
25.7669
25.755
25.7209
25.7209
25.6999
25.6827
25.7134
25.7964
25.7888
25.8245
25.8238
25.8144
25.8712
25.8586
25.7997
25.7858
25.673
25.6704
25.6739
25.7196
25.6771
25.6585
25.6371
25.6599
25.6604
25.6494
25.6403
25.6319
25.6417
25.6299
25.6353
25.6383
25.6328
25.6327
25.6247
25.5966
25.6262
25.6486
25.6485
25.6333
25.6542
25.6622
25.6633
25.6683
25.6472
25.6472
25.6488
25.6109
25.6202
25.642
25.666
25.7717
25.7725
25.7572
25.7537
25.7385
25.7639
25.814
25.8296
25.8295
25.8175
25.7733
25.7382
25.704
25.6687
25.6521
25.6521
25.6458
25.6245
25.6318
25.5986
25.6055
25.6346
25.6346
25.6107
25.642
25.6745
25.6704
25.6968
25.6985
25.6985
25.6954
25.7135
25.7344
25.7498
25.7207
25.7237
25.7258
25.7022
25.6691
25.634
25.6291
25.7007
25.7215
25.7215
25.7009
25.7161
25.7303
25.7295
25.7397
25.7197
25.7197
25.7401
25.7693
25.7504
25.7284
25.7157
25.7652
25.7652
25.7719
25.7843
25.7764
25.814
25.8652
25.8268
25.8307
25.848
25.8468
25.853
25.8582
25.8332
25.9036
25.9036
25.8314
25.8116
25.7258
25.6635
25.6372
25.6157
25.6157
25.6192
25.6319
25.6156
25.5864
25.5591
25.596
25.5942
25.5375
25.5622
25.6081
25.6358
25.59
25.6447
25.6447
25.614
25.5671
25.4487
25.429
25.4499
25.4409
25.4409
25.4311
25.444
25.4483
25.4415
25.4703
25.5192
25.5164
25.5081
25.5193
25.5535
25.5924
25.6026
25.6118
25.6118
25.5898
25.5909
25.588
25.6194
25.5389
25.5444
25.543
25.539
25.5419
25.5583
25.5111
25.5346
25.5931
25.5931
25.5756
25.6517
25.6632
25.7086
25.798
25.7873
25.7873
25.7515
25.812
25.7385
25.7678
25.7924
26.0312
26.0312
25.8246
25.8394
25.8325
25.8756
25.8456
25.7535
25.7535
25.7397
25.8031
25.7825
25.7948
25.7853
26.0355
26.0596
25.8869
25.8066
25.8369
25.8693
25.8908
25.9919
25.9942
25.9515
25.8922
25.848
25.861
25.8378
26.0921
26.085
25.8564
25.8464
25.8602
25.893
25.8407
25.9797
25.9793
25.8557
25.8602
25.9058
25.8816
25.901
25.8638
25.8638
25.8683
25.8775
25.8728
25.7564
25.8377
25.839
25.8382
25.8544
25.7989
25.7835
25.7803
25.7254
25.7213
25.7284
25.7294
25.7761
25.7904
25.8029
25.8332
25.8058
25.7968
25.8148
25.8298
25.7809
25.7577
25.7002
25.6394
25.6394
25.6375
25.5844
25.5667
25.6021
25.6073
25.5515
25.5526
25.5495
25.5219
25.5448
25.5286
25.5169
25.5142
25.5121
25.5121
25.5332
25.5058
25.5294
25.5375
25.4817
25.4795
25.4876
25.5074
25.5545
25.5674
25.5943
25.5922
25.5904
25.5898
25.5702
25.5576
25.5267
25.5276
25.5007
25.5007
25.5025
25.4989
25.5
25.5278
25.5703
25.5355
25.5357
25.5408
25.5496
25.5227
25.5595
25.5478
25.5242
25.5242
25.5306
25.5239
25.5294
25.5118
25.5271
25.4744
25.4744
25.4875
25.4396
25.4341
25.4852
25.4094
25.4439
25.4439
25.4511
25.4894
25.5101
25.5144
25.4572
25.4512
25.4567
25.442
25.4077
25.4441
25.4191
25.3361
25.3463
25.3463
25.3633
25.2537
25.2414
25.2302
25.2422
25.2676
25.2703
25.2774
25.2107
25.1654
25.0797
25.1644
25.1504
25.1525
25.1478
25.0986
25.1041
25.1447
25.1681
25.1726
25.1747
25.1575
25.2574
25.2244
25.2525
25.2555
25.2236
25.2215
25.2251
25.2045
25.1025
25.0839
24.9839
25.0319
25.0341
25.0405
25.0306
24.935
24.8438
24.8691
24.8642
24.8663
24.8672
24.8366
24.9585
24.9571
25.0592
25.0557
25.0578
25.0652
25.2567
25.2523
25.3471
25.3093
25.4558
25.4551
25.4601
25.4993
25.4155
25.2917
25.3742
25.4193
25.4193
25.4385
25.5993
25.6193
25.7861
26.2067
26.2864
26.2864
26.2653
27.3434
27.1688
27.7492
27.7884
27.1707
27.4416
27.2863
27.7655
27.7189
27.4012
27.1711
27.4721
27.4751
27.3524
27.3181
27.4096
27.5212
27.5676
27.8364
27.8388
27.6817
27.5873
27.1367
27.1347
27.0111
27.0303
27.0283
26.9296
26.8454
26.8447
27.0187
27.1549
27.2548
27.256
27.2295
27.411
27.4979
27.5911
27.4833
27.1929
27.1598
27.2233
27.2932
27.1797
27.0984
27.1095
27.4374
27.4952
27.2268
27.0621
27.0391
27.1061
27.2393
27.5656
27.5705
27.2398
27.502
27.4599
27.4695
27.6158
27.7177
27.7177
27.6745
27.6658
27.4942
27.319
27.1183
27.2937
27.2937
27.3498
27.2225
27.0249
27.1149
27.0164
26.917
26.917
26.9537
26.7566
26.5826
26.6279
26.6713
26.5855
26.6075
26.634
26.5954
26.5456
26.5498
26.7569
26.74
26.74
26.7737
26.6592
26.6109
26.5894
26.6955
26.663
26.6581
26.6446
26.6844
26.6097
26.734
26.7051
26.7536
26.7512
26.7924
26.7925
26.6675
26.62
26.593
26.6743
26.6695
26.6852
26.6802
26.7332
26.6482
26.6461
26.6647
26.6711
26.6709
26.6822
26.6652
26.6752
26.6931
26.6374
26.6398
26.6516
26.6215
26.3302
26.3551
26.308
26.2561
26.2561
26.245
26.1771
26.2812
26.1927
26.2287
26.2521
26.2523
26.2537
26.2745
26.1256
26.0894
26.3184
26.3078
26.3178
26.3059
26.2006
26.1719
26.1432
26.1415
26.0822
26.0813
26.0954
26.1374
26.1074
26.096
26.0427
26.0833
26.0809
26.0749
26.0991
26.1787
26.2723
26.2845
26.1104
26.115
26.1008
26.2654
26.2589
26.3308
26.4034
26.4796
26.4796
26.4808
26.4844
26.52
26.5002
26.5801
26.5805
26.583
26.5746
26.666
26.761
26.7157
26.7164
26.7484
26.7484
26.7459
27.1473
26.9259
26.9905
27.1154
27.1162
27.1162
27.1461
27.2062
27.1805
27.0867
26.8568
27.1451
27.1459
27.1221
27.1106
27.0737
27.1049
27.1981
27.0175
27.0222
27.0593
27.1802
27.3724
27.2736
27.3456
27.2742
27.2792
27.3038
27.2643
27.1405
27.2345
27.2089
27.2093
27.2142
27.2075
27.293
27.3268
27.4531
27.3659
27.2994
27.3042
27.2619
27.1114
26.85
26.8502
26.6563
26.5712
26.5714
26.5743
26.5238
26.4126
26.4405
26.5115
26.429
26.4264
26.4283
26.415
26.4865
26.352
26.3436
26.3588
26.3591
26.3422
26.3148
26.1486
26.1208
26.1519
26.196
26.196
26.1876
26.2789
26.2739
26.4076
26.4187
26.4638
26.4688
26.4854
26.5071
26.3378
26.2963
26.3348
26.3527
26.3522
26.3011
26.3401
26.3171
26.1839
26.1372
26.1409
26.1405
26.1384
26.1939
26.3368
26.2867
26.2154
26.1613
26.1611
26.2215
26.3317
26.1921
26.2278