1618.3
1617.9
1614.2
1599.9
1590.9
1589.3
1565.3
1593.1
1602.6
1617.9
1621.9
1609.9
1624.2
1618.4
1634.5
1640.7
1659.8
1675.4
1660.9
1661.3
1667.1
1663.4
1682.7
1688.7
1694.4
1718.4
1714.9
1692.1
1684.7
1679.9
1694.3
1708.9
1703.2
1706.9
1686.6
1672.2
1686
1704.8
1706.2
1635.8
1628
1593.6
1613
1595.7
1629.1
1626.9
1667.6
1675.2
1662.6
1661.8
1628.4
1635.8
1643.2
1653.7
1671.3
1681.4
1691
1708.9
1712.7
1692.8
1680.1
1703.2
1708.7
1723.8
1745.2
1742.2
1754.2
1770.9
1784.8
1763.6
1788.1
1814.1
1804
1794.4
1777.2
1816.6
1814.6
1814.4
1828
1820
1812
1806.3
1814.9
1813.9
1827.4
1826.3
1831.6
1833.6
1818.5
1819.6
1805.4
1816.2
1819.3
1836
1832.6
1828.3
1838.2
1823.9
1815.4
1828.4
1829
1820.2
1833.2
1849.4
1845.2
1838.5
1840.7
1820.3
1842.6
1844.6
1842.6
1853.1
1849.6
1848.7
1838.5
1850.5
1841.3
1847.6
1836.9
1851.4
1834.5
1843.6
1859.1
1857
1886.9
1897.6
1903.8
1879.7
1863.2
1880.4
1863.4
1850.3
1852.8
1864
1870.3
1854.9
1866.1
1841.6
1851.6
1815.4
1771.4
1764.7
1789.8
1747.8
1768.4
1772.3
1755.2
1770.4
1808.2
1774.6
1750.6
1783.6
1775.1
1749.7
1653.2
1688.1
1691
1697.5
1734
1750
1767.1
1787.7
1773.9
1761
1771.3
1789.3
1798.6
1812.1
1806.3
1776.2
1762.4
1757.5
1765
1755.7
1770.2
1761.9
1747.8
1750.8
1780.7
1790.9
1793.8
1792.1
1802.9
1825.3
1816.3
1828.8
1845.5
1835.1
1862.7
1881.5
1896.1
1883.4
1881
1900.7
1898.8
1908.3
1886.3
1892.2
1886
1876.1
1848.4
1867.6
1872.6
1884.6
1910.1
1936.1
1913.4
1908.3
1925.5
1908.3
1888.6
1903.3
1871.4
1860.9
1832.1
1820.5
1811.1
1828.3
1797.4
1793.8
1770.6
1767.1
1728.2
1742
1767.9
1771.1
1737.7
1748.1
1757.6
1774.1
1766.9
1756.6
1778.8
1812.8
1842.7
1855.8
1839.4
1842.6
1805.8
1804.3
1771.8
1796.7
1782.8
1794.6
1769
1818.2
1815.1
1808.6
1792.5
1760
1725.3
1735.3
1688.9
1646.1
1657.3
1651.5
1620.2
1570.1
1561.5
1561.7
1489.6
1463.7
1405.1
1523.4
1536.7
1487.4
1501
1521.2
1499.6
1541.3
1567
1544.1
1532.5
1501
1494.6
1493.2
1524
1569.9
1572.3
1541.7
1568.5
1578.3
1569.8
1564
1537.7
1566.2
1578.2
1567.6