27.53
27.46
27.605
27.635
27.65
27.6
27.73
27.775
27.755
27.765
27.765
27.87
27.855
27.765
27.805
27.905
28.065
28.15
28.14
28.215
28.3
28.16
28.095
28.2
28.135
28.125
28.13
28.21
28.245
28.3
28.235
28.265
28.28
28.25
28.16
28.105
28.165
28.235
28.325
28.4
28.46
28.3
28.225
28.16
28.185
28.175
28.15
28.14
28.17
28.225
28.2
28.15
28.06
27.865
27.78
27.81
27.935
27.985
27.98
27.935
27.985
28.075
28.03
28
27.94
28.01
27.93
27.945
27.905
27.955
28
27.965
27.965
27.965
27.965
27.995
28.02
28.035
28.025
28.065
28.11
28.115
28.16
28.125
28.13
28.14
28.12
28.165
28.235
28.255
28.27
28.29
28.27
28.235
28.115
28.2
28.165
28.185
28.25
28.25
28.305
28.325
28.29
28.34
28.325
28.285
28.315
28.4
28.43
28.41
28.42
28.445
28.46
28.52
28.6
28.585
28.6
28.595
28.73
28.605
28.65
28.72
28.695
28.64
28.63
28.715
28.74
28.775
28.7
28.675
28.63
28.475
28.35
28.315
28.2
28.275
28.245
28.275
28.255
28.19
28.18
28.115
28.125
28.025
28.025
28.035
28
28.01
28.04
28.065
28.145
28.18
28.11
28.05
28.04
27.975
27.925
27.505
27.665
27.7
27.67
27.745
27.73
27.695
27.805
27.715
27.63
27.6
27.725
27.665
27.645
27.635
27.6
27.625
27.595
27.625
27.515
27.48
27.51
27.5
27.495
27.675
27.485
27.52
27.57
27.555
27.59
27.605
27.54
27.495
27.59
27.53
27.53
27.515
27.485
27.48
27.47
27.48
27.52
27.525
27.45
27.455
27.24
27.21
27.19
27.185
27.115
26.96
26.93
26.865
26.97
27.025
26.94
26.97
26.95
26.93
26.895
26.73
26.645
26.69
26.69
26.62
26.66
26.695
26.69
26.775
26.765
26.755
26.76
26.76
26.49
26.38
26.26
26.24
26.29
26.23
26.12
26.16
26
26.04
26.04
26.245
26.41
26.37
26.35
26.3
26.36
26.445
26.605
26.58
26.62
26.36
26.17
26.13
26.14
26.125
25.99
25.855
25.91
25.87
25.895
26.05
26.13
26.125
26.32
26.205
26.07
25.98
25.91
25.89
25.905
26.02
26.07
25.865
25.75
25.67
25.625
25.625
25.66
25.65
25.61
25.48
25.34
25.225
25.235
25.315
25.305
25.09
25.04
24.99
25.02
25.045