137.28
136.36
137.99
136.22
135.46
137.8
138.27
138.91
135.9
132.47
133.68
134.83
134.71
134.55
135.17
134.44
134.16
136.64
135.02
135.6
133.53
131.1
131.99
131.97
131.79
132.23
132.23
130.67
132.08
132.26
129.88
128.46
128.62
129.26
128.02
126.65
121.98
119.77
119.89
118.01
116.97
118.47
116.53
115.56
111.95
111.8
111.82
111.12
111.94
111.87
112.16
110.11
110.47
109.78
109.46
107.09
109.22
107.47
108.39
107.58
110.51
110.74
110.01
107.86
108.18
109.08
108.37
108
107.03
108.62
110.22
110.35
110.45
111.25
112.5
114.42
117.02
117.08
116.6
117.34
115.62
115.61
114.75
114.75
111.07
104.91
107.81
110.41
109.25
110.57
111.26
111.7
113.26
115.16
115.57
113.25
111.59
112.29
112.56
111.52
111.39
112.18
113.16
112.85
113.22
113.82
113.66
114.41
115.77
114.54
113.54
113.52
112.32
113.48
112.41
112.13
108.85
107.94
107.13
108.03
107.94
108.58
109.58
109.88
105.44
104.52
103.88
104.57
106.18
101.96
100.75
101.22
98.22
96.9
98.05
97.42
97.42
95.98
97.07
96.59
95.92
95.7
95.25
95.44
94.27
91.93
92.93
92.15
91.82
91.4
89.38
89.21
88.03
85.74
89.28
87.82
87.2
86.68
87.42
86.68
87.25
85.05
81.53
81.45
82.16
81.93
82.16
83.62
83.79
82.64
85.4
85.3
85.2
87.57
88.81
90.48
91.87
91.08
91.25
89.85
94
94
94.58
91.5
94.58
94.07
96.88
93.51
93.3
92.37
92.12
90.28
90.71
90.51
91.53
91.61
91.86
92.94
92.94
92.4
92.4
94.26
95.37
95.55
94.32
93.88
93.77
94.23
91.39
91.57
90.15
86.21
86.15
86.32
86.19
81.4
81.4
84.68
84.63
84.63
84.07
81.52
81.55
81.63
81.57
82.59
82.7
83.18
83.18
83.17
82.38
81.92
80.35
80.62
82.38
82.98
82.98
83.11
80.63
80.63
79.46
80.89
80.51
78.87
75.28
75.33
76.87
74.59
73.67
76.26
76.36
79.1
78.8
78.89
78.89
81.08
81.35
75.92
75.87
75.81
73.62
73.85
73.85
73.85
75.38
73.85
75.27
75.38
75.34
75.34
75.36
75.36
75.39
75.39
75.39
75.55
75.91
77.96
79.83
82.6
83.82
83.84
83.33
87.3
90.06
90.84
93.24
91.45
88.1
89.24
87.7
87.7
88.32
88.68
89.83
90.29
85.67
84.34
84.13
83.79
84.26
84.26
84.26
84.4
84.35
82.8
82.77
83.23
81.15
81.15
79.7
79.7
80.31
79.22
79.14
78.64
82.26
82.45
82.94
83.1
82.98
85.32
85.24
83.58
83.45
83.91
84.78
83.51
83.51
83.51
83.51
74.45
74.37
77.1
79.26
80.67
84.09
83.81
86.13
86.32
84.63
84.63
84.71
84.83
85.01
85.11
85.54
85.65
85.87
85.63
86.26
85.93
86.47
85.85
87.47
88.99
83.74
84.73
85.3
85.23
85.73
85.91
83.79
83.08
82.76
81.03
83.53
82.82
82.82
81.98
81.98
80.03
79.97
80
80.67
81.73
82.56
84.98
80.17
79.9
83.29
84.1
81.99
82.4
83.29
81.31
82.41
82.17
83.8
82.83
82.83
83.04
82.83
81.81
77.51
76.69
74.44
77.28
76.64
76.41
77.07
78.59
78.25
79.96
79.39
79.45
77.38
77.38
75.31
75.31
75.01
75
77.11
76.96
75.3
75.33
75.3
74.9
74.69
74.61
74.75
74.7
74.65
74.27
74.13
74.27
74.27
74.03
74.17
71.48
72.33
72.75
72.76
72.76
70.89
70.19
73.53
73.97
73.48
73.11
74.16
74.65
74.09
77.38
77.24
78.79
77.32
77.83
77.91
77.91
80.31
80.31
80.02
82.71
82.71
83.59
83.59
83.38
83.18
83.06
83.01
84.88
84.24
82.72
82.9
82.68
78.09
78.09
78.34
80.04
80.07
75.83
76.4
76.4
77.3
77.3
74.74
74.88
75.63
76.15
75.99
75.61
75.98
75.82
75.82
76.74
77.08
76.51
76.56
76.54
77
76.88
73.54
73.08
73.38
73.83
74.17
74.38
74.51
73.6
72.66
73.66
73.66
73.19
73.74
73.75
73.75
74.25
74.44
74.94
74.94
72.06
72.06
73.71
73.71
75.25
77.42
76.75
79.8
78.98
79.33
82.14
83.06
83.23
83.23
83.76
85.48
84.33
85.07
89.06
88.91
89.01
89.43
89.92
90.3
88.21
90.41
89.73
91.57
90.26
90.9
90.85
90.32
91.18
90.26
90.04
89.41
89.48
88.67
88.48
93.94
91.77
90.08
91.48
90.36
91.82
98.59
98.74
98.37
98.21
96.67
93.51
93.39
94.47
92.96
92.06
91.81
91.94
91.97
89.87
91.26
92.8
92.52
92.71
92.97
94.68
95.53
93.65
92.24
91.1
91.07
93.02
92.91
93.59
93.39
93.16
92.65
93.22
93.39
93.75
93.87
93.79
93.52
92.72
94
91.13
91.9
89.93
91.19
90.83
90.29
92.25
91.4
92.48
92.13
91.14
90.06
89.87
89.95
90.75
90.67
89.82
90
89.83
89.77
89.7
89.51
89.58
88.6
89.41
89.47
88.78
88.35
88.17
87.04
86.04
86.68
86.26
86.49
86.86
88.7
89.54
89.26
89.35
89.99
89.54
90.33
89.34
89.9
90.05
89.47
89.72
87.34
86.12
86.38
86.28
85.08
84.3
84
84
84.04
84.66
84.25
82.57
81.89
83.06
81.92
83.44
83.26
83.54
87.28
89.15
90.93
92.22
94.28
95.43
95.24
94.33
93.27
90.8
90.83
91.12
92.19
91.5
91.32
92.22
92.8
93.87
94.3
93.38
94.9
95.89
96.24
96.38
96.95
96.09
96.66
99.7
99.25
98.84
98.39
98.11
98.58
100.24
100.36
99.15
99.15
100.56
97.04
98.55
97.83
96.94
97.98
98.25
97.78
97.41
100.38
100.79
100.79
100.89
100.54
98.85
98.99
98.91
99.11
98.83
100.4
101.92
102.87
104.22
101.71
101.16
103.44
102.79
103.62
103.59
104.17
104.2
104.36
106.16
106.19
105.91
105.94
105.94
106.77
106.75
107.55
107.34
108.09
108.73
108.86
108.91
109.16
109.31
108.57
108.32
110.96
110.14
110.14
111.89
111.82
110.98
110.32
110.35
110.35
114.16
114.86
114.17
114.45
113.04
113.04
113.32
112.08
115.46
115.78
115.41
117.66
116.08
117.96
119.66
123.41
124.14
123.38
121.15
121.82
121.82
122.54
122.86
118.41
116.17
115.63
120.47
121.97
122.11
117.55
117.7
117.14
116.18
116.18
116.22
118.01
117.08
117.19
118.31
119.45
119.45
119.24
119.24
118.88
118.88
119.16
118.04
116.87
117.54
118.06
119.47
121.24
121.19
121.77
119.68
109.58
109.35
109.28
115.99
118.44
118.44
114.07
114.82
114.15
114.95
113.77
112.6
114.16
114.9
120.77
120.77
120.77
120.48
116.79
118.82
121.92
119.43
119.86
119.86
119.95
119.83
120.02
119.65
121.06
120.94
121.15
121.01
121.19
121.05
121.44
120.71
119.8
120.21
120.95
119.24
119.62
119.47
120.48
119.59
121.76
118.13
118.18
117.63
117.56
116.2
114.81
114.94
115.68
115.36
116.3
116.96
116.13
116.54
116.44
117.07
117.49
117.13
117.94
116.74
116.4
116.23
116.62
116.16
116.81
115.74
114.13
112.18
112.04
110.54
110.25
108.02
108.12
109.77
108.98
110.56
110.14
109.06
109.6
109.12
108.21
108.81
109.13
109.31
108.79
109.99
108.49
112.82
112.79
110.94
112.71
112.21
111.78
112.36
109.63
108.58
108.56
106.5
109.74
110.56
109.83
109.06
109.85
109.53
109.39
110.31
115.05
112.14
111.3
111.01
110.99
115.17
115.41
115.52
115
113.95
113.96
113.55
114.34
115.02
115.16
114.97
113.41
114.65
114.78
114.62
114.53
111.33
108.03
107.88
107.33
107.23
110.87
108.87
107.51
105.97
108.25
106.96
108.35
108.73
108.07
110.26
110.49
111.2
112.69
112.32
112.15
112.07
111.89
112.52
112.88
112.64
112.27
111.46
110.96
112.8
109.62
111.05
111.61
111.37
113.26
112.86
112.6
113.39
112.83
110.92
110.24
109.97
108.98
107.88
107
107.64
108.36
108.76
109.69
109.91
110.63
110.78
112.46
112.96
113.23
113.28
113.27
113.64
114.37
114.34
115.22
115.12
115.24
115.02
114.25
115.41
114.43
114.99
115.69
115.39
116.48
115.48
113.95
113.4
114.65
115.62
117.77
117.97
118.88
118.71
118.95
118.53
119.26
120.64
120.5
121.67
122.5
122.74
123.63
123.69
122.77
122.01
128.51
134.65
142.73
149.6
138.53
137.37
135.42
142.16
135.19
136.57
135.39
138.98
137.82
133.82
141.33
139.51
138.66
139.97
135.37
135.19
137.4
139.61
140.38
143.19
144.48
147.03
148.37
147.93
146.14
146.37
150.38
148.9
154.25
152.72
154.53
158.84
155.05
158.66
153.57
155.6
156.18
157.09
156.24
156.85
154.7
155.91
157.13
156.57
157.51
156.56
157
159.64
158.89
158.3
158.77
159.33
162.97
162.64
163.78
163.69
162.02
162.7
160.68
163.05
163.31
165.64
169.88
174.91
175.21
175.2
175.19
171.07
172.21
172.13
170.13
170
169.79
169.27
169.9
167.52
169.02
166.11
163.99
164.25
165.95
166.62
164.66
162.71
166.24
166.7
161.86
163.11
161.08
161.08
159.11
161.44
158.67
158.63
156.29
158.91
157.98
156.32
157.97
159.22
158.19
159.22
157.27
154.64
156.24
154.19
156.36
155.32
156.41
151.86
150.07
150.71
145.86
147.68
145.5
145.67
146.49
144.95
147.6
151.5
150.96
148.75
147.62
148.94
153.21
153.21
153.78
153.78
153.66
155.14
153.71
154.34
157.36
156.84
157.16
157.44
160.21
158.04
157.2
155.9
156.69
158.82
158.31
160.76
160.47
160.89
163.22
162.61
162.7
161.48
162.09
161.76
161.71
162.6
163.97
163.75
165.33
165.52
166.15
168.03
167.95
167.98
167.18
168.39
171.55
169.77
169.31
169.37
169.63
169.54
172.98
172.06
172.1
172.42
174.39
174.51
173.88
173.53
174
171.78
170.6
170.85
169.4
171.47
169.17
170.16
169.04
170.04
170.17
167.61
165.38
166.44
168.35
171.33
169.22
170.15
171.18
171.66
176.58
175.44
174.07
173.73
174.56
174.78
175.13
175.1
175.45
175.26
175.87
175.87
173.63
172.42
175.55
172.82
178.56
177.39
177.51
176.78
176.03
176.31
176.5
175.79
176.22
176.22
178.02
178.19
177.29
177.48
175.79
172.19
175.16
176.28
175.8
175.92
175.63
175.94
176.29
176.7
176.79
176.48
178.12
176.99
176.68
176.61
175.99
176.85
176.96
177.98
177.81
177.64
177.79
177.62
177.62
177.62
177.62
177.62
177.33
178.48
178.57
178.4
176.33
176.33
173.4
173.58
173.58
173.53
173.66
175.25
174.89
175.01
166.43
166.6
160.15
163.42
167.43
169.95
169.27
169.79
169.95
167.3
166.43
166.91
167.21
168.05
169.69
169.69
172.14
172.27
175.23
175.29
175.54
176.48
176.12
178.03
179.46
184.68
188.91
190.03
188.67
189.46
186.08
186.19
183.64
184.34
185.14
183.27
183.32
180.6
180.6
180.6
180.6
181.6
181.79
181.79
181.79
181.79
181.79
181.79
181.79
181.79
181.79
181.79
181.79
183.13
183.49
186.3
186.93
186.63
186.97
185.3
186.84
183.21
181
181.46
175.06
175.06
177.49
184.72
184.07
184.18
184.92
184.46
187.55
187.98
188.38
189.24
190.54
195.22
192.78
192.73
193.14
194.15
194.15
195.29
194.49
194.55
194.61
194.64
194.35
190.57
192.17
196.7
196
194.91
196.97
198.4
195.31
192.76
193.74
197.48
197.48
197.48
198.38
198.96
196.49
196.5
196.5
196.01
195.65
198.07
199.4
199.4
199.4
200.82
201.66
197.58
197.99
199.09
199.23
198.76
201.13
201.16
201.22
201.22
201.37
201.88
202.41
201.47
201.66
192.76
194.69
194.45
195.4
195.79
193.97
198.16
197.23
196.68
197
198.68
199.11
199.17
200.87
199.4
202.23
202.23
201.93
201.93
202.29
202.34
202.76
203.63
205.16
205.96
208.41
209.54
208.16
211.03
210.07
213.26
214.57
218.79
218.05
217.27
218.2
219.43
221.82
224.85
226.8
228.7
233.51
233.51
233.51
232.53
232.84
233.95
237.93
241.59
244.7
249.18
257.41
258.63
256.95
255.4
254.75
256.37
258.66
256.96
258.24
254.42
254.65
258.55
259.81
260.4
260.94
265.01
267.94
264.04
265.6
267.07
272.06
275.83
274.55
275.73
278.27
282.78
284.39
290.11
297.44
298.54
295.32
300.27
301.78
303.07
305.03
305.72
310.68
314.9
314.54
318.56
318.41
316.44
317.82
318.46
318.83
322.83
322.07
322.07
326.63
325.87
329.71
328.8
331.05
332.49
333.95
335.53
334.78
332.33
333.36
334.78
324.19
326.02
326.56
326.47
330.48
333.87
337.35
340.33
348.78
345.53
350.52
359.19
359.74
370.15
380.25
394.72
402.28
402.38
413.74
427.66
436.64
436.86
437.48
440.3
442.01
455.38
454.25
449.81
459.76
461.72
478.45
492.59
491.18
501.31
507.98
503.9
490.54
496.16
500.68
495.21
489.81
485.87
463.7
459.06
456.72
448.69
455.91
443
448.16
449.82
454.51
456.25
444.12
442.74
442.9
443.33
443.4
445.49
448.24
457.31
460.71
452.89
460.68
460.21
472.9
462.23
463.15
463.15
445.07
447.28
442.06
444.98
444.98
444.39
440.9
444.18
444.68
439.9
438.97
435.12
433.74
437.57
436.88
439.47
439.19
437.53
435.46
431.48
432.98
435.37
441.36
438.75
437.89
434.2
433.32
433.39
432.16
426.04
418.66
419.59
430.91
436.73
435.4
438.99
443.58
437.85
434.16
436.06
434.39
435.37
436.11
434.62
437.21
439.67
441.29
442.12
448.97
448.97
443.01
446.41
439.74
449.26
460.85
462.63
464.39
459.07
460.1
460.82
465.58
471.68
475.23
470.27
469.91
470.26
471.3
471.3
469.52
463.51
464.54
481.31
477.73
478.09
486.43
486.78
493.39
491.27
493.21
491.63
484.28
484.97
475.12
475.05
473.14
480.04
477.65
468.81
470.36
472.75
469.1
472.28
474.77
474.77
469.49
469.11
467.7
466.66
466.62
466.8
463.18
460.16
458.39
459.74
459.74
457.48
457.48
457.13
456.08
451.63
453.16
453.16
453.08
452.07
449.4
451.36
451.36
454.15
452.57
452.52
450.22
451.1
451.24
450.76
452.73
452.39
450.62
451.32
451.74
454.57
449.5
449.5
444.11
441.64
440.05
441.49
440.53
440.53
439.82
441.88
441.92
442.02
433.09
433.47
415.53
410.04
413.19
430.37
431.54
431.54
416.67
418.59
419.16
422.63
421.26
421.6
422.62
420.67
417.07
416.36
414.41
413.34
413.31
407.05
408.81
409.05
410.61
412.74
412.57
416.46
415.33
420.85
416.44
407.45
407.45
408.43
409.04
411.53
411.74
415.26
412.38
423.67
424.68
426.49
423.01
411.12
413.31
412.76
412.07
413.21
414.52
415.97
415.97
411.9
410.47
410.31
401.68
399.79
394.1
396.04
398.23
398.78
400.04
406.06
408.03
402.5
403.96
413.65
402.72
404.93
405.3
405.3
412.75
411.84
411.84
413.63
406.69
411.48
412.8
410.53
406.54
420.14
417.16
418.91
417.88
419.93
421.63
423.82
421.73
419.35
419.44
419.6
420.22
428.86
429.47
432.58
429.29
439.15
431.33
432.05
416.45
413.45
401.22
401.77
403.67
405.29
401.48
402.02
405.66
403.7
401.89
403.15
399.32
403.31
401.99
396.24
396.24
397.29
394.92
398.27
388.4
390.96
388.04
387.15
383.36
384.35
383.92
385
379.51
380.44
377.57
378.3
378.46
372.43
374.05
377.32
376.78
376.13
376.13
378.39
379.77
377.94
374.95
377.21
374.95
374.95
372.47
374.54
376.81
375.84
375.87
376.2
374.36
374.68
377.92
377.58
379.22
377.61
379.07
388.13
386.48
385.63
385.63
385.63
390
390
390
390
390.07
390.07
395.88
395.88
397.71
396.95
397.68
397.68
400.27
399.25
401.66
402.42
405.54
407.69
407.69
404.45
404.45
406.72
406.63
404.72
403.1
403.74
405.16
405.49
405
400.5
400.94
402.79
402.85
402.17
404.44
406.05
406.01
407.65
408.31
406.5
407.06
407.25
407.42
410.46
410.5
404.13
404.1
400.89
401.83
404.93
404.93
403.7
404.18
404.22
404.64
405.42
404.87
404.96
406.28
406.42
406.04
406.37
406.38
394.55
395.6
394.7
395.81
396.87
397.24
395.15
394.42
398.59
398.59
396.22
396.59
396.59
410.8
410.01
409.94
410.76
412.81
412.89
412.89
414.14
415.59
411.98
411.98
413.38
414.79
417.12
413.12
414.53
414.75
414.75
413.05
414.95
415.37
415.61
415.61
415.61
415.61
415.61
415.61
415.61
415.61
414.96
414.96
414.4
415.1
415.74
416.21
416.21
412.92
414.66
415.36
414.39
413.56
412.69
412.69
412.69
414.36
414.8
413.75
415.02
416.73
417.6
417.6
419.51
420.62
422.26
420
422.78
423.73
421.99
421.86
422.5
409.96
410.92
411.46
412.87
412.87
412.87
417.56
417.08
413.59
417.08
421.71
421.71
422.03
427.48
417.29
417.91
415.7
417.59
414.48
412.14
413.88
413.88
414.23
414.23
412.04
412.72
412.72
415.07
418.21
418.21
416.55
419
419
416.81
417.59
417.56
419.12
418.17
420.38
408.99
408.19
409.65
419.43
415.93
407.48
400.67
391.93
394.17
394.17
399.44
399.44
401.38
401.38
404.87
404.2
399.61
399.61
399.61
390.65
387.49
390.69
393.86
394.61
388.22
393.03
393.03
394.89
393
394.93
394.93
394.93
394.93
394.93
396.42
399.6
398.81
404.13
400.54
401.34
404.14
404.14
403.81
405.77
405.77
405.85
405.85
407.54
407.54
408.32
409.84
409.19
412.56
413.21
414.34
418.75
418.75
418.57
419.38
419.71
418.99
417.57
417.57
417.57
417.57
417.89
418.7
418.7
421.04
421.04
419.4
420.38
421.7
423.42
420.63
421.17
421.17
425.86
431.57
428.9
426.77
428.25
430.09
430.09
430.09
429.65
432.27
431.01
432.02
427.57
427.57
427.91
429.12
429.45
429.45
428.89
429.21
429.29
425.26
433.38
433.4
434.06
432.17
432.17
434.19
434.19
437.42
436.94
437.75
437.54
427.26
430.69
430.69
430.78
431.59
431.99
433.77
435.29
435.29
435.52
437.99
437.99
435.97
435.32
435.32
436.66
436.66
436.66
440.88
440.88
440.55
440.63
440.63
440.63
443.33
447.69
447.36
447.36
447.44
448.33
448.33
445.8
445.8
446.44
446.19
448.21
444.64
444.21
442.06
442.06
442.7
442.7
441.57
442.7
447.03
445.9
444.59
442.95
442.95
443.19
443.19
439.82
439.82
439.69
440.78
443.2
448.07
450.43
450.43
448
448
446.66
445.65
447.73
444.36
452.1
452.1
450.08
448.07
448.07
448.64
448.63
448.79
448.79
449.13
449.13
449.13
449.13
445.85
447.88
447.88
447.88
447.83
448.19
448.19
448.19
451.01
451.01
451.01
451.01
448.31
448.31
448.31
447.95
450.24
450.24
448.6
443.57
445.54
444.3
444.3
445.13
446.77
446.77
447.89
451.19
454.14
452.14
452.14
453.46
454.13
454.13
454.13
450.98
454.26
461.97